The time is: 9
1170 1008 950 1020 1186 1448 1806 1436 1170 1008 950 1020 1186 1448 1806 1436 1170 1008 950 1020 1186 1448 1806 1436 1170 1008 950 1020 1186 1448 1806 1436 1170 1008 950 1020 1186 1448 1806 1436 1170 1008 950 1020 1186 1448 1806 1436 1170 1008 950 1020 1186 1448 1806 1436 1170 1008 950 1020 1186 1448 1806 1436 1170 1008 950 1020 1186 1448 1806 1436 1170 1008 950 1020 1186 1448 1806 1436 1170 1008 950 1020 1186 1448 1806 1436 1170 1008 950 1020 1186 1448 1806 1436 1170 1008 950 1020 
1416 1146 980 950 1016 1178 1436 1790 1416 1146 980 950 1016 1178 1436 1790 1416 1146 980 950 1016 1178 1436 1790 1416 1146 980 950 1016 1178 1436 1790 1416 1146 980 950 1016 1178 1436 1790 1416 1146 980 950 1016 1178 1436 1790 1416 1146 980 950 1016 1178 1436 1790 1416 1146 980 950 1016 1178 1436 1790 1416 1146 980 950 1016 1178 1436 1790 1416 1146 980 950 1016 1178 1436 1790 1416 1146 980 950 1016 1178 1436 1790 1416 1146 980 950 1016 1178 1436 1790 1416 1146 980 950 
1766 1388 1114 984 950 1012 1170 1416 1766 1388 1114 984 950 1012 1170 1416 1766 1388 1114 984 950 1012 1170 1416 1766 1388 1114 984 950 1012 1170 1416 1766 1388 1114 984 950 1012 1170 1416 1766 1388 1114 984 950 1012 1170 1416 1766 1388 1114 984 950 1012 1170 1416 1766 1388 1114 984 950 1012 1170 1416 1766 1388 1114 984 950 1012 1170 1416 1766 1388 1114 984 950 1012 1170 1416 1766 1388 1114 984 950 1012 1170 1416 1766 1388 1114 984 950 1012 1170 1416 1766 1388 1114 984 
1388 1734 1352 1122 988 950 1008 1146 1388 1734 1352 1122 988 950 1008 1146 1388 1734 1352 1122 988 950 1008 1146 1388 1734 1352 1122 988 950 1008 1146 1388 1734 1352 1122 988 950 1008 1146 1388 1734 1352 1122 988 950 1008 1146 1388 1734 1352 1122 988 950 1008 1146 1388 1734 1352 1122 988 950 1008 1146 1388 1734 1352 1122 988 950 1008 1146 1388 1734 1352 1122 988 950 1008 1146 1388 1734 1352 1122 988 950 1008 1146 1388 1734 1352 1122 988 950 1008 1146 1388 1734 1352 1122 
1114 1352 1694 1364 1130 992 950 980 1114 1352 1694 1364 1130 992 950 980 1114 1352 1694 1364 1130 992 950 980 1114 1352 1694 1364 1130 992 950 980 1114 1352 1694 1364 1130 992 950 980 1114 1352 1694 1364 1130 992 950 980 1114 1352 1694 1364 1130 992 950 980 1114 1352 1694 1364 1130 992 950 980 1114 1352 1694 1364 1130 992 950 980 1114 1352 1694 1364 1130 992 950 980 1114 1352 1694 1364 1130 992 950 980 1114 1352 1694 1364 1130 992 950 980 1114 1352 1694 1364 
984 1122 1364 1710 1384 1154 1020 950 984 1122 1364 1710 1384 1154 1020 950 984 1122 1364 1710 1384 1154 1020 950 984 1122 1364 1710 1384 1154 1020 950 984 1122 1364 1710 1384 1154 1020 950 984 1122 1364 1710 1384 1154 1020 950 984 1122 1364 1710 1384 1154 1020 950 984 1122 1364 1710 1384 1154 1020 950 984 1122 1364 1710 1384 1154 1020 950 984 1122 1364 1710 1384 1154 1020 950 984 1122 1364 1710 1384 1154 1020 950 984 1122 1364 1710 1384 1154 1020 950 984 1122 1364 1710 
950 988 1130 1384 1734 1412 1186 1016 950 988 1130 1384 1734 1412 1186 1016 950 988 1130 1384 1734 1412 1186 1016 950 988 1130 1384 1734 1412 1186 1016 950 988 1130 1384 1734 1412 1186 1016 950 988 1130 1384 1734 1412 1186 1016 950 988 1130 1384 1734 1412 1186 1016 950 988 1130 1384 1734 1412 1186 1016 950 988 1130 1384 1734 1412 1186 1016 950 988 1130 1384 1734 1412 1186 1016 950 988 1130 1384 1734 1412 1186 1016 950 988 1130 1384 1734 1412 1186 1016 950 988 1130 1384 
1012 950 992 1154 1412 1766 1448 1178 1012 950 992 1154 1412 1766 1448 1178 1012 950 992 1154 1412 1766 1448 1178 1012 950 992 1154 1412 1766 1448 1178 1012 950 992 1154 1412 1766 1448 1178 1012 950 992 1154 1412 1766 1448 1178 1012 950 992 1154 1412 1766 1448 1178 1012 950 992 1154 1412 1766 1448 1178 1012 950 992 1154 1412 1766 1448 1178 1012 950 992 1154 1412 1766 1448 1178 1012 950 992 1154 1412 1766 1448 1178 1012 950 992 1154 1412 1766 1448 1178 1012 950 992 1154 
1170 1008 950 1020 1186 1448 1806 1436 1170 1008 950 1020 1186 1448 1806 1436 1170 1008 950 1020 1186 1448 1806 1436 1170 1008 950 1020 1186 1448 1806 1436 1170 1008 950 1020 1186 1448 1806 1436 1170 1008 950 1020 1186 1448 1806 1436 1170 1008 950 1020 1186 1448 1806 1436 1170 1008 950 1020 1186 1448 1806 1436 1170 1008 950 1020 1186 1448 1806 1436 1170 1008 950 1020 1186 1448 1806 1436 1170 1008 950 1020 1186 1448 1806 1436 1170 1008 950 1020 1186 1448 1806 1436 1170 1008 950 1020 
1416 1146 980 950 1016 1178 1436 1790 1416 1146 980 950 1016 1178 1436 1790 1416 1146 980 950 1016 1178 1436 1790 1416 1146 980 950 1016 1178 1436 1790 1416 1146 980 950 1016 1178 1436 1790 1416 1146 980 950 1016 1178 1436 1790 1416 1146 980 950 1016 1178 1436 1790 1416 1146 980 950 1016 1178 1436 1790 1416 1146 980 950 1016 1178 1436 1790 1416 1146 980 950 1016 1178 1436 1790 1416 1146 980 950 1016 1178 1436 1790 1416 1146 980 950 1016 1178 1436 1790 1416 1146 980 950 
1766 1388 1114 984 950 1012 1170 1416 1766 1388 1114 984 950 1012 1170 1416 1766 1388 1114 984 950 1012 1170 1416 1766 1388 1114 984 950 1012 1170 1416 1766 1388 1114 984 950 1012 1170 1416 1766 1388 1114 984 950 1012 1170 1416 1766 1388 1114 984 950 1012 1170 1416 1766 1388 1114 984 950 1012 1170 1416 1766 1388 1114 984 950 1012 1170 1416 1766 1388 1114 984 950 1012 1170 1416 1766 1388 1114 984 950 1012 1170 1416 1766 1388 1114 984 950 1012 1170 1416 1766 1388 1114 984 
1388 1734 1352 1122 988 950 1008 1146 1388 1734 1352 1122 988 950 1008 1146 1388 1734 1352 1122 988 950 1008 1146 1388 1734 1352 1122 988 950 1008 1146 1388 1734 1352 1122 988 950 1008 1146 1388 1734 1352 1122 988 950 1008 1146 1388 1734 1352 1122 988 950 1008 1146 1388 1734 1352 1122 988 950 1008 1146 1388 1734 1352 1122 988 950 1008 1146 1388 1734 1352 1122 988 950 1008 1146 1388 1734 1352 1122 988 950 1008 1146 1388 1734 1352 1122 988 950 1008 1146 1388 1734 1352 1122 
1114 1352 1694 1364 1130 992 950 980 1114 1352 1694 1364 1130 992 950 980 1114 1352 1694 1364 1130 992 950 980 1114 1352 1694 1364 1130 992 950 980 1114 1352 1694 1364 1130 992 950 980 1114 1352 1694 1364 1130 992 950 980 1114 1352 1694 1364 1130 992 950 980 1114 1352 1694 1364 1130 992 950 980 1114 1352 1694 1364 1130 992 950 980 1114 1352 1694 1364 1130 992 950 980 1114 1352 1694 1364 1130 992 950 980 1114 1352 1694 1364 1130 992 950 980 1114 1352 1694 1364 
984 1122 1364 1710 1384 1154 1020 950 984 1122 1364 1710 1384 1154 1020 950 984 1122 1364 1710 1384 1154 1020 950 984 1122 1364 1710 1384 1154 1020 950 984 1122 1364 1710 1384 1154 1020 950 984 1122 1364 1710 1384 1154 1020 950 984 1122 1364 1710 1384 1154 1020 950 984 1122 1364 1710 1384 1154 1020 950 984 1122 1364 1710 1384 1154 1020 950 984 1122 1364 1710 1384 1154 1020 950 984 1122 1364 1710 1384 1154 1020 950 984 1122 1364 1710 1384 1154 1020 950 984 1122 1364 1710 
950 988 1130 1384 1734 1412 1186 1016 950 988 1130 1384 1734 1412 1186 1016 950 988 1130 1384 1734 1412 1186 1016 950 988 1130 1384 1734 1412 1186 1016 950 988 1130 1384 1734 1412 1186 1016 950 988 1130 1384 1734 1412 1186 1016 950 988 1130 1384 1734 1412 1186 1016 950 988 1130 1384 1734 1412 1186 1016 950 988 1130 1384 1734 1412 1186 1016 950 988 1130 1384 1734 1412 1186 1016 950 988 1130 1384 1734 1412 1186 1016 950 988 1130 1384 1734 1412 1186 1016 950 988 1130 1384 
1012 950 992 1154 1412 1766 1448 1178 1012 950 992 1154 1412 1766 1448 1178 1012 950 992 1154 1412 1766 1448 1178 1012 950 992 1154 1412 1766 1448 1178 1012 950 992 1154 1412 1766 1448 1178 1012 950 992 1154 1412 1766 1448 1178 1012 950 992 1154 1412 1766 1448 1178 1012 950 992 1154 1412 1766 1448 1178 1012 950 992 1154 1412 1766 1448 1178 1012 950 992 1154 1412 1766 1448 1178 1012 950 992 1154 1412 1766 1448 1178 1012 950 992 1154 1412 1766 1448 1178 1012 950 992 1154 
1170 1008 950 1020 1186 1448 1806 1436 1170 1008 950 1020 1186 1448 1806 1436 1170 1008 950 1020 1186 1448 1806 1436 1170 1008 950 1020 1186 1448 1806 1436 1170 1008 950 1020 1186 1448 1806 1436 1170 1008 950 1020 1186 1448 1806 1436 1170 1008 950 1020 1186 1448 1806 1436 1170 1008 950 1020 1186 1448 1806 1436 1170 1008 950 1020 1186 1448 1806 1436 1170 1008 950 1020 1186 1448 1806 1436 1170 1008 950 1020 1186 1448 1806 1436 1170 1008 950 1020 1186 1448 1806 1436 1170 1008 950 1020 
1416 1146 980 950 1016 1178 1436 1790 1416 1146 980 950 1016 1178 1436 1790 1416 1146 980 950 1016 1178 1436 1790 1416 1146 980 950 1016 1178 1436 1790 1416 1146 980 950 1016 1178 1436 1790 1416 1146 980 950 1016 1178 1436 1790 1416 1146 980 950 1016 1178 1436 1790 1416 1146 980 950 1016 1178 1436 1790 1416 1146 980 950 1016 1178 1436 1790 1416 1146 980 950 1016 1178 1436 1790 1416 1146 980 950 1016 1178 1436 1790 1416 1146 980 950 1016 1178 1436 1790 1416 1146 980 950 
1766 1388 1114 984 950 1012 1170 1416 1766 1388 1114 984 950 1012 1170 1416 1766 1388 1114 984 950 1012 1170 1416 1766 1388 1114 984 950 1012 1170 1416 1766 1388 1114 984 950 1012 1170 1416 1766 1388 1114 984 950 1012 1170 1416 1766 1388 1114 984 950 1012 1170 1416 1766 1388 1114 984 950 1012 1170 1416 1766 1388 1114 984 950 1012 1170 1416 1766 1388 1114 984 950 1012 1170 1416 1766 1388 1114 984 950 1012 1170 1416 1766 1388 1114 984 950 1012 1170 1416 1766 1388 1114 984 
1388 1734 1352 1122 988 950 1008 1146 1388 1734 1352 1122 988 950 1008 1146 1388 1734 1352 1122 988 950 1008 1146 1388 1734 1352 1122 988 950 1008 1146 1388 1734 1352 1122 988 950 1008 1146 1388 1734 1352 1122 988 950 1008 1146 1388 1734 1352 1122 988 950 1008 1146 1388 1734 1352 1122 988 950 1008 1146 1388 1734 1352 1122 988 950 1008 1146 1388 1734 1352 1122 988 950 1008 1146 1388 1734 1352 1122 988 950 1008 1146 1388 1734 1352 1122 988 950 1008 1146 1388 1734 1352 1122 
1114 1352 1694 1364 1130 992 950 980 1114 1352 1694 1364 1130 992 950 980 1114 1352 1694 1364 1130 992 950 980 1114 1352 1694 1364 1130 992 950 980 1114 1352 1694 1364 1130 992 950 980 1114 1352 1694 1364 1130 992 950 980 1114 1352 1694 1364 1130 992 950 980 1114 1352 1694 1364 1130 992 950 980 1114 1352 1694 1364 1130 992 950 980 1114 1352 1694 1364 1130 992 950 980 1114 1352 1694 1364 1130 992 950 980 1114 1352 1694 1364 1130 992 950 980 1114 1352 1694 1364 
984 1122 1364 1710 1384 1154 1020 950 984 1122 1364 1710 1384 1154 1020 950 984 1122 1364 1710 1384 1154 1020 950 984 1122 1364 1710 1384 1154 1020 950 984 1122 1364 1710 1384 1154 1020 950 984 1122 1364 1710 1384 1154 1020 950 984 1122 1364 1710 1384 1154 1020 950 984 1122 1364 1710 1384 1154 1020 950 984 1122 1364 1710 1384 1154 1020 950 984 1122 1364 1710 1384 1154 1020 950 984 1122 1364 1710 1384 1154 1020 950 984 1122 1364 1710 1384 1154 1020 950 984 1122 1364 1710 
950 988 1130 1384 1734 1412 1186 1016 950 988 1130 1384 1734 1412 1186 1016 950 988 1130 1384 1734 1412 1186 1016 950 988 1130 1384 1734 1412 1186 1016 950 988 1130 1384 1734 1412 1186 1016 950 988 1130 1384 1734 1412 1186 1016 950 988 1130 1384 1734 1412 1186 1016 950 988 1130 1384 1734 1412 1186 1016 950 988 1130 1384 1734 1412 1186 1016 950 988 1130 1384 1734 1412 1186 1016 950 988 1130 1384 1734 1412 1186 1016 950 988 1130 1384 1734 1412 1186 1016 950 988 1130 1384 
1012 950 992 1154 1412 1766 1448 1178 1012 950 992 1154 1412 1766 1448 1178 1012 950 992 1154 1412 1766 1448 1178 1012 950 992 1154 1412 1766 1448 1178 1012 950 992 1154 1412 1766 1448 1178 1012 950 992 1154 1412 1766 1448 1178 1012 950 992 1154 1412 1766 1448 1178 1012 950 992 1154 1412 1766 1448 1178 1012 950 992 1154 1412 1766 1448 1178 1012 950 992 1154 1412 1766 1448 1178 1012 950 992 1154 1412 1766 1448 1178 1012 950 992 1154 1412 1766 1448 1178 1012 950 992 1154 
1170 1008 950 1020 1186 1448 1806 1436 1170 1008 950 1020 1186 1448 1806 1436 1170 1008 950 1020 1186 1448 1806 1436 1170 1008 950 1020 1186 1448 1806 1436 1170 1008 950 1020 1186 1448 1806 1436 1170 1008 950 1020 1186 1448 1806 1436 1170 1008 950 1020 1186 1448 1806 1436 1170 1008 950 1020 1186 1448 1806 1436 1170 1008 950 1020 1186 1448 1806 1436 1170 1008 950 1020 1186 1448 1806 1436 1170 1008 950 1020 1186 1448 1806 1436 1170 1008 950 1020 1186 1448 1806 1436 1170 1008 950 1020 
1416 1146 980 950 1016 1178 1436 1790 1416 1146 980 950 1016 1178 1436 1790 1416 1146 980 950 1016 1178 1436 1790 1416 1146 980 950 1016 1178 1436 1790 1416 1146 980 950 1016 1178 1436 1790 1416 1146 980 950 1016 1178 1436 1790 1416 1146 980 950 1016 1178 1436 1790 1416 1146 980 950 1016 1178 1436 1790 1416 1146 980 950 1016 1178 1436 1790 1416 1146 980 950 1016 1178 1436 1790 1416 1146 980 950 1016 1178 1436 1790 1416 1146 980 950 1016 1178 1436 1790 1416 1146 980 950 
1766 1388 1114 984 950 1012 1170 1416 1766 1388 1114 984 950 1012 1170 1416 1766 1388 1114 984 950 1012 1170 1416 1766 1388 1114 984 950 1012 1170 1416 1766 1388 1114 984 950 1012 1170 1416 1766 1388 1114 984 950 1012 1170 1416 1766 1388 1114 984 950 1012 1170 1416 1766 1388 1114 984 950 1012 1170 1416 1766 1388 1114 984 950 1012 1170 1416 1766 1388 1114 984 950 1012 1170 1416 1766 1388 1114 984 950 1012 1170 1416 1766 1388 1114 984 950 1012 1170 1416 1766 1388 1114 984 
1388 1734 1352 1122 988 950 1008 1146 1388 1734 1352 1122 988 950 1008 1146 1388 1734 1352 1122 988 950 1008 1146 1388 1734 1352 1122 988 950 1008 1146 1388 1734 1352 1122 988 950 1008 1146 1388 1734 1352 1122 988 950 1008 1146 1388 1734 1352 1122 988 950 1008 1146 1388 1734 1352 1122 988 950 1008 1146 1388 1734 1352 1122 988 950 1008 1146 1388 1734 1352 1122 988 950 1008 1146 1388 1734 1352 1122 988 950 1008 1146 1388 1734 1352 1122 988 950 1008 1146 1388 1734 1352 1122 
1114 1352 1694 1364 1130 992 950 980 1114 1352 1694 1364 1130 992 950 980 1114 1352 1694 1364 1130 992 950 980 1114 1352 1694 1364 1130 992 950 980 1114 1352 1694 1364 1130 992 950 980 1114 1352 1694 1364 1130 992 950 980 1114 1352 1694 1364 1130 992 950 980 1114 1352 1694 1364 1130 992 950 980 1114 1352 1694 1364 1130 992 950 980 1114 1352 1694 1364 1130 992 950 980 1114 1352 1694 1364 1130 992 950 980 1114 1352 1694 1364 1130 992 950 980 1114 1352 1694 1364 
984 1122 1364 1710 1384 1154 1020 950 984 1122 1364 1710 1384 1154 1020 950 984 1122 1364 1710 1384 1154 1020 950 984 1122 1364 1710 1384 1154 1020 950 984 1122 1364 1710 1384 1154 1020 950 984 1122 1364 1710 1384 1154 1020 950 984 1122 1364 1710 1384 1154 1020 950 984 1122 1364 1710 1384 1154 1020 950 984 1122 1364 1710 1384 1154 1020 950 984 1122 1364 1710 1384 1154 1020 950 984 1122 1364 1710 1384 1154 1020 950 984 1122 1364 1710 1384 1154 1020 950 984 1122 1364 1710 
950 988 1130 1384 1734 1412 1186 1016 950 988 1130 1384 1734 1412 1186 1016 950 988 1130 1384 1734 1412 1186 1016 950 988 1130 1384 1734 1412 1186 1016 950 988 1130 1384 1734 1412 1186 1016 950 988 1130 1384 1734 1412 1186 1016 950 988 1130 1384 1734 1412 1186 1016 950 988 1130 1384 1734 1412 1186 1016 950 988 1130 1384 1734 1412 1186 1016 950 988 1130 1384 1734 1412 1186 1016 950 988 1130 1384 1734 1412 1186 1016 950 988 1130 1384 1734 1412 1186 1016 950 988 1130 1384 
1012 950 992 1154 1412 1766 1448 1178 1012 950 992 1154 1412 1766 1448 1178 1012 950 992 1154 1412 1766 1448 1178 1012 950 992 1154 1412 1766 1448 1178 1012 950 992 1154 1412 1766 1448 1178 1012 950 992 1154 1412 1766 1448 1178 1012 950 992 1154 1412 1766 1448 1178 1012 950 992 1154 1412 1766 1448 1178 1012 950 992 1154 1412 1766 1448 1178 1012 950 992 1154 1412 1766 1448 1178 1012 950 992 1154 1412 1766 1448 1178 1012 950 992 1154 1412 1766 1448 1178 1012 950 992 1154 
1170 1008 950 1020 1186 1448 1806 1436 1170 1008 950 1020 1186 1448 1806 1436 1170 1008 950 1020 1186 1448 1806 1436 1170 1008 950 1020 1186 1448 1806 1436 1170 1008 950 1020 1186 1448 1806 1436 1170 1008 950 1020 1186 1448 1806 1436 1170 1008 950 1020 1186 1448 1806 1436 1170 1008 950 1020 1186 1448 1806 1436 1170 1008 950 1020 1186 1448 1806 1436 1170 1008 950 1020 1186 1448 1806 1436 1170 1008 950 1020 1186 1448 1806 1436 1170 1008 950 1020 1186 1448 1806 1436 1170 1008 950 1020 
1416 1146 980 950 1016 1178 1436 1790 1416 1146 980 950 1016 1178 1436 1790 1416 1146 980 950 1016 1178 1436 1790 1416 1146 980 950 1016 1178 1436 1790 1416 1146 980 950 1016 1178 1436 1790 1416 1146 980 950 1016 1178 1436 1790 1416 1146 980 950 1016 1178 1436 1790 1416 1146 980 950 1016 1178 1436 1790 1416 1146 980 950 1016 1178 1436 1790 1416 1146 980 950 1016 1178 1436 1790 1416 1146 980 950 1016 1178 1436 1790 1416 1146 980 950 1016 1178 1436 1790 1416 1146 980 950 
1766 1388 1114 984 950 1012 1170 1416 1766 1388 1114 984 950 1012 1170 1416 1766 1388 1114 984 950 1012 1170 1416 1766 1388 1114 984 950 1012 1170 1416 1766 1388 1114 984 950 1012 1170 1416 1766 1388 1114 984 950 1012 1170 1416 1766 1388 1114 984 950 1012 1170 1416 1766 1388 1114 984 950 1012 1170 1416 1766 1388 1114 984 950 1012 1170 1416 1766 1388 1114 984 950 1012 1170 1416 1766 1388 1114 984 950 1012 1170 1416 1766 1388 1114 984 950 1012 1170 1416 1766 1388 1114 984 
1388 1734 1352 1122 988 950 1008 1146 1388 1734 1352 1122 988 950 1008 1146 1388 1734 1352 1122 988 950 1008 1146 1388 1734 1352 1122 988 950 1008 1146 1388 1734 1352 1122 988 950 1008 1146 1388 1734 1352 1122 988 950 1008 1146 1388 1734 1352 1122 988 950 1008 1146 1388 1734 1352 1122 988 950 1008 1146 1388 1734 1352 1122 988 950 1008 1146 1388 1734 1352 1122 988 950 1008 1146 1388 1734 1352 1122 988 950 1008 1146 1388 1734 1352 1122 988 950 1008 1146 1388 1734 1352 1122 
1114 1352 1694 1364 1130 992 950 980 1114 1352 1694 1364 1130 992 950 980 1114 1352 1694 1364 1130 992 950 980 1114 1352 1694 1364 1130 992 950 980 1114 1352 1694 1364 1130 992 950 980 1114 1352 1694 1364 1130 992 950 980 1114 1352 1694 1364 1130 992 950 980 1114 1352 1694 1364 1130 992 950 980 1114 1352 1694 1364 1130 992 950 980 1114 1352 1694 1364 1130 992 950 980 1114 1352 1694 1364 1130 992 950 980 1114 1352 1694 1364 1130 992 950 980 1114 1352 1694 1364 
984 1122 1364 1710 1384 1154 1020 950 984 1122 1364 1710 1384 1154 1020 950 984 1122 1364 1710 1384 1154 1020 950 984 1122 1364 1710 1384 1154 1020 950 984 1122 1364 1710 1384 1154 1020 950 984 1122 1364 1710 1384 1154 1020 950 984 1122 1364 1710 1384 1154 1020 950 984 1122 1364 1710 1384 1154 1020 950 984 1122 1364 1710 1384 1154 1020 950 984 1122 1364 1710 1384 1154 1020 950 984 1122 1364 1710 1384 1154 1020 950 984 1122 1364 1710 1384 1154 1020 950 984 1122 1364 1710 
950 988 1130 1384 1734 1412 1186 1016 950 988 1130 1384 1734 1412 1186 1016 950 988 1130 1384 1734 1412 1186 1016 950 988 1130 1384 1734 1412 1186 1016 950 988 1130 1384 1734 1412 1186 1016 950 988 1130 1384 1734 1412 1186 1016 950 988 1130 1384 1734 1412 1186 1016 950 988 1130 1384 1734 1412 1186 1016 950 988 1130 1384 1734 1412 1186 1016 950 988 1130 1384 1734 1412 1186 1016 950 988 1130 1384 1734 1412 1186 1016 950 988 1130 1384 1734 1412 1186 1016 950 988 1130 1384 
1012 950 992 1154 1412 1766 1448 1178 1012 950 992 1154 1412 1766 1448 1178 1012 950 992 1154 1412 1766 1448 1178 1012 950 992 1154 1412 1766 1448 1178 1012 950 992 1154 1412 1766 1448 1178 1012 950 992 1154 1412 1766 1448 1178 1012 950 992 1154 1412 1766 1448 1178 1012 950 992 1154 1412 1766 1448 1178 1012 950 992 1154 1412 1766 1448 1178 1012 950 992 1154 1412 1766 1448 1178 1012 950 992 1154 1412 1766 1448 1178 1012 950 992 1154 1412 1766 1448 1178 1012 950 992 1154 
1170 1008 950 1020 1186 1448 1806 1436 1170 1008 950 1020 1186 1448 1806 1436 1170 1008 950 1020 1186 1448 1806 1436 1170 1008 950 1020 1186 1448 1806 1436 1170 1008 950 1020 1186 1448 1806 1436 1170 1008 950 1020 1186 1448 1806 1436 1170 1008 950 1020 1186 1448 1806 1436 1170 1008 950 1020 1186 1448 1806 1436 1170 1008 950 1020 1186 1448 1806 1436 1170 1008 950 1020 1186 1448 1806 1436 1170 1008 950 1020 1186 1448 1806 1436 1170 1008 950 1020 1186 1448 1806 1436 1170 1008 950 1020 
1416 1146 980 950 1016 1178 1436 1790 1416 1146 980 950 1016 1178 1436 1790 1416 1146 980 950 1016 1178 1436 1790 1416 1146 980 950 1016 1178 1436 1790 1416 1146 980 950 1016 1178 1436 1790 1416 1146 980 950 1016 1178 1436 1790 1416 1146 980 950 1016 1178 1436 1790 1416 1146 980 950 1016 1178 1436 1790 1416 1146 980 950 1016 1178 1436 1790 1416 1146 980 950 1016 1178 1436 1790 1416 1146 980 950 1016 1178 1436 1790 1416 1146 980 950 1016 1178 1436 1790 1416 1146 980 950 
1766 1388 1114 984 950 1012 1170 1416 1766 1388 1114 984 950 1012 1170 1416 1766 1388 1114 984 950 1012 1170 1416 1766 1388 1114 984 950 1012 1170 1416 1766 1388 1114 984 950 1012 1170 1416 1766 1388 1114 984 950 1012 1170 1416 1766 1388 1114 984 950 1012 1170 1416 1766 1388 1114 984 950 1012 1170 1416 1766 1388 1114 984 950 1012 1170 1416 1766 1388 1114 984 950 1012 1170 1416 1766 1388 1114 984 950 1012 1170 1416 1766 1388 1114 984 950 1012 1170 1416 1766 1388 1114 984 
1388 1734 1352 1122 988 950 1008 1146 1388 1734 1352 1122 988 950 1008 1146 1388 1734 1352 1122 988 950 1008 1146 1388 1734 1352 1122 988 950 1008 1146 1388 1734 1352 1122 988 950 1008 1146 1388 1734 1352 1122 988 950 1008 1146 1388 1734 1352 1122 988 950 1008 1146 1388 1734 1352 1122 988 950 1008 1146 1388 1734 1352 1122 988 950 1008 1146 1388 1734 1352 1122 988 950 1008 1146 1388 1734 1352 1122 988 950 1008 1146 1388 1734 1352 1122 988 950 1008 1146 1388 1734 1352 1122 
1114 1352 1694 1364 1130 992 950 980 1114 1352 1694 1364 1130 992 950 980 1114 1352 1694 1364 1130 992 950 980 1114 1352 1694 1364 1130 992 950 980 1114 1352 1694 1364 1130 992 950 980 1114 1352 1694 1364 1130 992 950 980 1114 1352 1694 1364 1130 992 950 980 1114 1352 1694 1364 1130 992 950 980 1114 1352 1694 1364 1130 992 950 980 1114 1352 1694 1364 1130 992 950 980 1114 1352 1694 1364 1130 992 950 980 1114 1352 1694 1364 1130 992 950 980 1114 1352 1694 1364 
984 1122 1364 1710 1384 1154 1020 950 984 1122 1364 1710 1384 1154 1020 950 984 1122 1364 1710 1384 1154 1020 950 984 1122 1364 1710 1384 1154 1020 950 984 1122 1364 1710 1384 1154 1020 950 984 1122 1364 1710 1384 1154 1020 950 984 1122 1364 1710 1384 1154 1020 950 984 1122 1364 1710 1384 1154 1020 950 984 1122 1364 1710 1384 1154 1020 950 984 1122 1364 1710 1384 1154 1020 950 984 1122 1364 1710 1384 1154 1020 950 984 1122 1364 1710 1384 1154 1020 950 984 1122 1364 1710 
950 988 1130 1384 1734 1412 1186 1016 950 988 1130 1384 1734 1412 1186 1016 950 988 1130 1384 1734 1412 1186 1016 950 988 1130 1384 1734 1412 1186 1016 950 988 1130 1384 1734 1412 1186 1016 950 988 1130 1384 1734 1412 1186 1016 950 988 1130 1384 1734 1412 1186 1016 950 988 1130 1384 1734 1412 1186 1016 950 988 1130 1384 1734 1412 1186 1016 950 988 1130 1384 1734 1412 1186 1016 950 988 1130 1384 1734 1412 1186 1016 950 988 1130 1384 1734 1412 1186 1016 950 988 1130 1384 
1012 950 992 1154 1412 1766 1448 1178 1012 950 992 1154 1412 1766 1448 1178 1012 950 992 1154 1412 1766 1448 1178 1012 950 992 1154 1412 1766 1448 1178 1012 950 992 1154 1412 1766 1448 1178 1012 950 992 1154 1412 1766 1448 1178 1012 950 992 1154 1412 1766 1448 1178 1012 950 992 1154 1412 1766 1448 1178 1012 950 992 1154 1412 1766 1448 1178 1012 950 992 1154 1412 1766 1448 1178 1012 950 992 1154 1412 1766 1448 1178 1012 950 992 1154 1412 1766 1448 1178 1012 950 992 1154 
1170 1008 950 1020 1186 1448 1806 1436 1170 1008 950 1020 1186 1448 1806 1436 1170 1008 950 1020 1186 1448 1806 1436 1170 1008 950 1020 1186 1448 1806 1436 1170 1008 950 1020 1186 1448 1806 1436 1170 1008 950 1020 1186 1448 1806 1436 1170 1008 950 1020 1186 1448 1806 1436 1170 1008 950 1020 1186 1448 1806 1436 1170 1008 950 1020 1186 1448 1806 1436 1170 1008 950 1020 1186 1448 1806 1436 1170 1008 950 1020 1186 1448 1806 1436 1170 1008 950 1020 1186 1448 1806 1436 1170 1008 950 1020 
1416 1146 980 950 1016 1178 1436 1790 1416 1146 980 950 1016 1178 1436 1790 1416 1146 980 950 1016 1178 1436 1790 1416 1146 980 950 1016 1178 1436 1790 1416 1146 980 950 1016 1178 1436 1790 1416 1146 980 950 1016 1178 1436 1790 1416 1146 980 950 1016 1178 1436 1790 1416 1146 980 950 1016 1178 1436 1790 1416 1146 980 950 1016 1178 1436 1790 1416 1146 980 950 1016 1178 1436 1790 1416 1146 980 950 1016 1178 1436 1790 1416 1146 980 950 1016 1178 1436 1790 1416 1146 980 950 
1766 1388 1114 984 950 1012 1170 1416 1766 1388 1114 984 950 1012 1170 1416 1766 1388 1114 984 950 1012 1170 1416 1766 1388 1114 984 950 1012 1170 1416 1766 1388 1114 984 950 1012 1170 1416 1766 1388 1114 984 950 1012 1170 1416 1766 1388 1114 984 950 1012 1170 1416 1766 1388 1114 984 950 1012 1170 1416 1766 1388 1114 984 950 1012 1170 1416 1766 1388 1114 984 950 1012 1170 1416 1766 1388 1114 984 950 1012 1170 1416 1766 1388 1114 984 950 1012 1170 1416 1766 1388 1114 984 
1388 1734 1352 1122 988 950 1008 1146 1388 1734 1352 1122 988 950 1008 1146 1388 1734 1352 1122 988 950 1008 1146 1388 1734 1352 1122 988 950 1008 1146 1388 1734 1352 1122 988 950 1008 1146 1388 1734 1352 1122 988 950 1008 1146 1388 1734 1352 1122 988 950 1008 1146 1388 1734 1352 1122 988 950 1008 1146 1388 1734 1352 1122 988 950 1008 1146 1388 1734 1352 1122 988 950 1008 1146 1388 1734 1352 1122 988 950 1008 1146 1388 1734 1352 1122 988 950 1008 1146 1388 1734 1352 1122 
1114 1352 1694 1364 1130 992 950 980 1114 1352 1694 1364 1130 992 950 980 1114 1352 1694 1364 1130 992 950 980 1114 1352 1694 1364 1130 992 950 980 1114 1352 1694 1364 1130 992 950 980 1114 1352 1694 1364 1130 992 950 980 1114 1352 1694 1364 1130 992 950 980 1114 1352 1694 1364 1130 992 950 980 1114 1352 1694 1364 1130 992 950 980 1114 1352 1694 1364 1130 992 950 980 1114 1352 1694 1364 1130 992 950 980 1114 1352 1694 1364 1130 992 950 980 1114 1352 1694 1364 
984 1122 1364 1710 1384 1154 1020 950 984 1122 1364 1710 1384 1154 1020 950 984 1122 1364 1710 1384 1154 1020 950 984 1122 1364 1710 1384 1154 1020 950 984 1122 1364 1710 1384 1154 1020 950 984 1122 1364 1710 1384 1154 1020 950 984 1122 1364 1710 1384 1154 1020 950 984 1122 1364 1710 1384 1154 1020 950 984 1122 1364 1710 1384 1154 1020 950 984 1122 1364 1710 1384 1154 1020 950 984 1122 1364 1710 1384 1154 1020 950 984 1122 1364 1710 1384 1154 1020 950 984 1122 1364 1710 
950 988 1130 1384 1734 1412 1186 1016 950 988 1130 1384 1734 1412 1186 1016 950 988 1130 1384 1734 1412 1186 1016 950 988 1130 1384 1734 1412 1186 1016 950 988 1130 1384 1734 1412 1186 1016 950 988 1130 1384 1734 1412 1186 1016 950 988 1130 1384 1734 1412 1186 1016 950 988 1130 1384 1734 1412 1186 1016 950 988 1130 1384 1734 1412 1186 1016 950 988 1130 1384 1734 1412 1186 1016 950 988 1130 1384 1734 1412 1186 1016 950 988 1130 1384 1734 1412 1186 1016 950 988 1130 1384 
1012 950 992 1154 1412 1766 1448 1178 1012 950 992 1154 1412 1766 1448 1178 1012 950 992 1154 1412 1766 1448 1178 1012 950 992 1154 1412 1766 1448 1178 1012 950 992 1154 1412 1766 1448 1178 1012 950 992 1154 1412 1766 1448 1178 1012 950 992 1154 1412 1766 1448 1178 1012 950 992 1154 1412 1766 1448 1178 1012 950 992 1154 1412 1766 1448 1178 1012 950 992 1154 1412 1766 1448 1178 1012 950 992 1154 1412 1766 1448 1178 1012 950 992 1154 1412 1766 1448 1178 1012 950 992 1154 
1170 1008 950 1020 1186 1448 1806 1436 1170 1008 950 1020 1186 1448 1806 1436 1170 1008 950 1020 1186 1448 1806 1436 1170 1008 950 1020 1186 1448 1806 1436 1170 1008 950 1020 1186 1448 1806 1436 1170 1008 950 1020 1186 1448 1806 1436 1170 1008 950 1020 1186 1448 1806 1436 1170 1008 950 1020 1186 1448 1806 1436 1170 1008 950 1020 1186 1448 1806 1436 1170 1008 950 1020 1186 1448 1806 1436 1170 1008 950 1020 1186 1448 1806 1436 1170 1008 950 1020 1186 1448 1806 1436 1170 1008 950 1020 
1416 1146 980 950 1016 1178 1436 1790 1416 1146 980 950 1016 1178 1436 1790 1416 1146 980 950 1016 1178 1436 1790 1416 1146 980 950 1016 1178 1436 1790 1416 1146 980 950 1016 1178 1436 1790 1416 1146 980 950 1016 1178 1436 1790 1416 1146 980 950 1016 1178 1436 1790 1416 1146 980 950 1016 1178 1436 1790 1416 1146 980 950 1016 1178 1436 1790 1416 1146 980 950 1016 1178 1436 1790 1416 1146 980 950 1016 1178 1436 1790 1416 1146 980 950 1016 1178 1436 1790 1416 1146 980 950 
1766 1388 1114 984 950 1012 1170 1416 1766 1388 1114 984 950 1012 1170 1416 1766 1388 1114 984 950 1012 1170 1416 1766 1388 1114 984 950 1012 1170 1416 1766 1388 1114 984 950 1012 1170 1416 1766 1388 1114 984 950 1012 1170 1416 1766 1388 1114 984 950 1012 1170 1416 1766 1388 1114 984 950 1012 1170 1416 1766 1388 1114 984 950 1012 1170 1416 1766 1388 1114 984 950 1012 1170 1416 1766 1388 1114 984 950 1012 1170 1416 1766 1388 1114 984 950 1012 1170 1416 1766 1388 1114 984 
1388 1734 1352 1122 988 950 1008 1146 1388 1734 1352 1122 988 950 1008 1146 1388 1734 1352 1122 988 950 1008 1146 1388 1734 1352 1122 988 950 1008 1146 1388 1734 1352 1122 988 950 1008 1146 1388 1734 1352 1122 988 950 1008 1146 1388 1734 1352 1122 988 950 1008 1146 1388 1734 1352 1122 988 950 1008 1146 1388 1734 1352 1122 988 950 1008 1146 1388 1734 1352 1122 988 950 1008 1146 1388 1734 1352 1122 988 950 1008 1146 1388 1734 1352 1122 988 950 1008 1146 1388 1734 1352 1122 
1114 1352 1694 1364 1130 992 950 980 1114 1352 1694 1364 1130 992 950 980 1114 1352 1694 1364 1130 992 950 980 1114 1352 1694 1364 1130 992 950 980 1114 1352 1694 1364 1130 992 950 980 1114 1352 1694 1364 1130 992 950 980 1114 1352 1694 1364 1130 992 950 980 1114 1352 1694 1364 1130 992 950 980 1114 1352 1694 1364 1130 992 950 980 1114 1352 1694 1364 1130 992 950 980 1114 1352 1694 1364 1130 992 950 980 1114 1352 1694 1364 1130 992 950 980 1114 1352 1694 1364 
984 1122 1364 1710 1384 1154 1020 950 984 1122 1364 1710 1384 1154 1020 950 984 1122 1364 1710 1384 1154 1020 950 984 1122 1364 1710 1384 1154 1020 950 984 1122 1364 1710 1384 1154 1020 950 984 1122 1364 1710 1384 1154 1020 950 984 1122 1364 1710 1384 1154 1020 950 984 1122 1364 1710 1384 1154 1020 950 984 1122 1364 1710 1384 1154 1020 950 984 1122 1364 1710 1384 1154 1020 950 984 1122 1364 1710 1384 1154 1020 950 984 1122 1364 1710 1384 1154 1020 950 984 1122 1364 1710 
950 988 1130 1384 1734 1412 1186 1016 950 988 1130 1384 1734 1412 1186 1016 950 988 1130 1384 1734 1412 1186 1016 950 988 1130 1384 1734 1412 1186 1016 950 988 1130 1384 1734 1412 1186 1016 950 988 1130 1384 1734 1412 1186 1016 950 988 1130 1384 1734 1412 1186 1016 950 988 1130 1384 1734 1412 1186 1016 950 988 1130 1384 1734 1412 1186 1016 950 988 1130 1384 1734 1412 1186 1016 950 988 1130 1384 1734 1412 1186 1016 950 988 1130 1384 1734 1412 1186 1016 950 988 1130 1384 
1012 950 992 1154 1412 1766 1448 1178 1012 950 992 1154 1412 1766 1448 1178 1012 950 992 1154 1412 1766 1448 1178 1012 950 992 1154 1412 1766 1448 1178 1012 950 992 1154 1412 1766 1448 1178 1012 950 992 1154 1412 1766 1448 1178 1012 950 992 1154 1412 1766 1448 1178 1012 950 992 1154 1412 1766 1448 1178 1012 950 992 1154 1412 1766 1448 1178 1012 950 992 1154 1412 1766 1448 1178 1012 950 992 1154 1412 1766 1448 1178 1012 950 992 1154 1412 1766 1448 1178 1012 950 992 1154 
1170 1008 950 1020 1186 1448 1806 1436 1170 1008 950 1020 1186 1448 1806 1436 1170 1008 950 1020 1186 1448 1806 1436 1170 1008 950 1020 1186 1448 1806 1436 1170 1008 950 1020 1186 1448 1806 1436 1170 1008 950 1020 1186 1448 1806 1436 1170 1008 950 1020 1186 1448 1806 1436 1170 1008 950 1020 1186 1448 1806 1436 1170 1008 950 1020 1186 1448 1806 1436 1170 1008 950 1020 1186 1448 1806 1436 1170 1008 950 1020 1186 1448 1806 1436 1170 1008 950 1020 1186 1448 1806 1436 1170 1008 950 1020 
1416 1146 980 950 1016 1178 1436 1790 1416 1146 980 950 1016 1178 1436 1790 1416 1146 980 950 1016 1178 1436 1790 1416 1146 980 950 1016 1178 1436 1790 1416 1146 980 950 1016 1178 1436 1790 1416 1146 980 950 1016 1178 1436 1790 1416 1146 980 950 1016 1178 1436 1790 1416 1146 980 950 1016 1178 1436 1790 1416 1146 980 950 1016 1178 1436 1790 1416 1146 980 950 1016 1178 1436 1790 1416 1146 980 950 1016 1178 1436 1790 1416 1146 980 950 1016 1178 1436 1790 1416 1146 980 950 
1766 1388 1114 984 950 1012 1170 1416 1766 1388 1114 984 950 1012 1170 1416 1766 1388 1114 984 950 1012 1170 1416 1766 1388 1114 984 950 1012 1170 1416 1766 1388 1114 984 950 1012 1170 1416 1766 1388 1114 984 950 1012 1170 1416 1766 1388 1114 984 950 1012 1170 1416 1766 1388 1114 984 950 1012 1170 1416 1766 1388 1114 984 950 1012 1170 1416 1766 1388 1114 984 950 1012 1170 1416 1766 1388 1114 984 950 1012 1170 1416 1766 1388 1114 984 950 1012 1170 1416 1766 1388 1114 984 
1388 1734 1352 1122 988 950 1008 1146 1388 1734 1352 1122 988 950 1008 1146 1388 1734 1352 1122 988 950 1008 1146 1388 1734 1352 1122 988 950 1008 1146 1388 1734 1352 1122 988 950 1008 1146 1388 1734 1352 1122 988 950 1008 1146 1388 1734 1352 1122 988 950 1008 1146 1388 1734 1352 1122 988 950 1008 1146 1388 1734 1352 1122 988 950 1008 1146 1388 1734 1352 1122 988 950 1008 1146 1388 1734 1352 1122 988 950 1008 1146 1388 1734 1352 1122 988 950 1008 1146 1388 1734 1352 1122 
1114 1352 1694 1364 1130 992 950 980 1114 1352 1694 1364 1130 992 950 980 1114 1352 1694 1364 1130 992 950 980 1114 1352 1694 1364 1130 992 950 980 1114 1352 1694 1364 1130 992 950 980 1114 1352 1694 1364 1130 992 950 980 1114 1352 1694 1364 1130 992 950 980 1114 1352 1694 1364 1130 992 950 980 1114 1352 1694 1364 1130 992 950 980 1114 1352 1694 1364 1130 992 950 980 1114 1352 1694 1364 1130 992 950 980 1114 1352 1694 1364 1130 992 950 980 1114 1352 1694 1364 
984 1122 1364 1710 1384 1154 1020 950 984 1122 1364 1710 1384 1154 1020 950 984 1122 1364 1710 1384 1154 1020 950 984 1122 1364 1710 1384 1154 1020 950 984 1122 1364 1710 1384 1154 1020 950 984 1122 1364 1710 1384 1154 1020 950 984 1122 1364 1710 1384 1154 1020 950 984 1122 1364 1710 1384 1154 1020 950 984 1122 1364 1710 1384 1154 1020 950 984 1122 1364 1710 1384 1154 1020 950 984 1122 1364 1710 1384 1154 1020 950 984 1122 1364 1710 1384 1154 1020 950 984 1122 1364 1710 
950 988 1130 1384 1734 1412 1186 1016 950 988 1130 1384 1734 1412 1186 1016 950 988 1130 1384 1734 1412 1186 1016 950 988 1130 1384 1734 1412 1186 1016 950 988 1130 1384 1734 1412 1186 1016 950 988 1130 1384 1734 1412 1186 1016 950 988 1130 1384 1734 1412 1186 1016 950 988 1130 1384 1734 1412 1186 1016 950 988 1130 1384 1734 1412 1186 1016 950 988 1130 1384 1734 1412 1186 1016 950 988 1130 1384 1734 1412 1186 1016 950 988 1130 1384 1734 1412 1186 1016 950 988 1130 1384 
1012 950 992 1154 1412 1766 1448 1178 1012 950 992 1154 1412 1766 1448 1178 1012 950 992 1154 1412 1766 1448 1178 1012 950 992 1154 1412 1766 1448 1178 1012 950 992 1154 1412 1766 1448 1178 1012 950 992 1154 1412 1766 1448 1178 1012 950 992 1154 1412 1766 1448 1178 1012 950 992 1154 1412 1766 1448 1178 1012 950 992 1154 1412 1766 1448 1178 1012 950 992 1154 1412 1766 1448 1178 1012 950 992 1154 1412 1766 1448 1178 1012 950 992 1154 1412 1766 1448 1178 1012 950 992 1154 
1170 1008 950 1020 1186 1448 1806 1436 1170 1008 950 1020 1186 1448 1806 1436 1170 1008 950 1020 1186 1448 1806 1436 1170 1008 950 1020 1186 1448 1806 1436 1170 1008 950 1020 1186 1448 1806 1436 1170 1008 950 1020 1186 1448 1806 1436 1170 1008 950 1020 1186 1448 1806 1436 1170 1008 950 1020 1186 1448 1806 1436 1170 1008 950 1020 1186 1448 1806 1436 1170 1008 950 1020 1186 1448 1806 1436 1170 1008 950 1020 1186 1448 1806 1436 1170 1008 950 1020 1186 1448 1806 1436 1170 1008 950 1020 
1416 1146 980 950 1016 1178 1436 1790 1416 1146 980 950 1016 1178 1436 1790 1416 1146 980 950 1016 1178 1436 1790 1416 1146 980 950 1016 1178 1436 1790 1416 1146 980 950 1016 1178 1436 1790 1416 1146 980 950 1016 1178 1436 1790 1416 1146 980 950 1016 1178 1436 1790 1416 1146 980 950 1016 1178 1436 1790 1416 1146 980 950 1016 1178 1436 1790 1416 1146 980 950 1016 1178 1436 1790 1416 1146 980 950 1016 1178 1436 1790 1416 1146 980 950 1016 1178 1436 1790 1416 1146 980 950 
1766 1388 1114 984 950 1012 1170 1416 1766 1388 1114 984 950 1012 1170 1416 1766 1388 1114 984 950 1012 1170 1416 1766 1388 1114 984 950 1012 1170 1416 1766 1388 1114 984 950 1012 1170 1416 1766 1388 1114 984 950 1012 1170 1416 1766 1388 1114 984 950 1012 1170 1416 1766 1388 1114 984 950 1012 1170 1416 1766 1388 1114 984 950 1012 1170 1416 1766 1388 1114 984 950 1012 1170 1416 1766 1388 1114 984 950 1012 1170 1416 1766 1388 1114 984 950 1012 1170 1416 1766 1388 1114 984 
1388 1734 1352 1122 988 950 1008 1146 1388 1734 1352 1122 988 950 1008 1146 1388 1734 1352 1122 988 950 1008 1146 1388 1734 1352 1122 988 950 1008 1146 1388 1734 1352 1122 988 950 1008 1146 1388 1734 1352 1122 988 950 1008 1146 1388 1734 1352 1122 988 950 1008 1146 1388 1734 1352 1122 988 950 1008 1146 1388 1734 1352 1122 988 950 1008 1146 1388 1734 1352 1122 988 950 1008 1146 1388 1734 1352 1122 988 950 1008 1146 1388 1734 1352 1122 988 950 1008 1146 1388 1734 1352 1122 
1114 1352 1694 1364 1130 992 950 980 1114 1352 1694 1364 1130 992 950 980 1114 1352 1694 1364 1130 992 950 980 1114 1352 1694 1364 1130 992 950 980 1114 1352 1694 1364 1130 992 950 980 1114 1352 1694 1364 1130 992 950 980 1114 1352 1694 1364 1130 992 950 980 1114 1352 1694 1364 1130 992 950 980 1114 1352 1694 1364 1130 992 950 980 1114 1352 1694 1364 1130 992 950 980 1114 1352 1694 1364 1130 992 950 980 1114 1352 1694 1364 1130 992 950 980 1114 1352 1694 1364 
984 1122 1364 1710 1384 1154 1020 950 984 1122 1364 1710 1384 1154 1020 950 984 1122 1364 1710 1384 1154 1020 950 984 1122 1364 1710 1384 1154 1020 950 984 1122 1364 1710 1384 1154 1020 950 984 1122 1364 1710 1384 1154 1020 950 984 1122 1364 1710 1384 1154 1020 950 984 1122 1364 1710 1384 1154 1020 950 984 1122 1364 1710 1384 1154 1020 950 984 1122 1364 1710 1384 1154 1020 950 984 1122 1364 1710 1384 1154 1020 950 984 1122 1364 1710 1384 1154 1020 950 984 1122 1364 1710 
950 988 1130 1384 1734 1412 1186 1016 950 988 1130 1384 1734 1412 1186 1016 950 988 1130 1384 1734 1412 1186 1016 950 988 1130 1384 1734 1412 1186 1016 950 988 1130 1384 1734 1412 1186 1016 950 988 1130 1384 1734 1412 1186 1016 950 988 1130 1384 1734 1412 1186 1016 950 988 1130 1384 1734 1412 1186 1016 950 988 1130 1384 1734 1412 1186 1016 950 988 1130 1384 1734 1412 1186 1016 950 988 1130 1384 1734 1412 1186 1016 950 988 1130 1384 1734 1412 1186 1016 950 988 1130 1384 
1012 950 992 1154 1412 1766 1448 1178 1012 950 992 1154 1412 1766 1448 1178 1012 950 992 1154 1412 1766 1448 1178 1012 950 992 1154 1412 1766 1448 1178 1012 950 992 1154 1412 1766 1448 1178 1012 950 992 1154 1412 1766 1448 1178 1012 950 992 1154 1412 1766 1448 1178 1012 950 992 1154 1412 1766 1448 1178 1012 950 992 1154 1412 1766 1448 1178 1012 950 992 1154 1412 1766 1448 1178 1012 950 992 1154 1412 1766 1448 1178 1012 950 992 1154 1412 1766 1448 1178 1012 950 992 1154 
1170 1008 950 1020 1186 1448 1806 1436 1170 1008 950 1020 1186 1448 1806 1436 1170 1008 950 1020 1186 1448 1806 1436 1170 1008 950 1020 1186 1448 1806 1436 1170 1008 950 1020 1186 1448 1806 1436 1170 1008 950 1020 1186 1448 1806 1436 1170 1008 950 1020 1186 1448 1806 1436 1170 1008 950 1020 1186 1448 1806 1436 1170 1008 950 1020 1186 1448 1806 1436 1170 1008 950 1020 1186 1448 1806 1436 1170 1008 950 1020 1186 1448 1806 1436 1170 1008 950 1020 1186 1448 1806 1436 1170 1008 950 1020 
1416 1146 980 950 1016 1178 1436 1790 1416 1146 980 950 1016 1178 1436 1790 1416 1146 980 950 1016 1178 1436 1790 1416 1146 980 950 1016 1178 1436 1790 1416 1146 980 950 1016 1178 1436 1790 1416 1146 980 950 1016 1178 1436 1790 1416 1146 980 950 1016 1178 1436 1790 1416 1146 980 950 1016 1178 1436 1790 1416 1146 980 950 1016 1178 1436 1790 1416 1146 980 950 1016 1178 1436 1790 1416 1146 980 950 1016 1178 1436 1790 1416 1146 980 950 1016 1178 1436 1790 1416 1146 980 950 
1766 1388 1114 984 950 1012 1170 1416 1766 1388 1114 984 950 1012 1170 1416 1766 1388 1114 984 950 1012 1170 1416 1766 1388 1114 984 950 1012 1170 1416 1766 1388 1114 984 950 1012 1170 1416 1766 1388 1114 984 950 1012 1170 1416 1766 1388 1114 984 950 1012 1170 1416 1766 1388 1114 984 950 1012 1170 1416 1766 1388 1114 984 950 1012 1170 1416 1766 1388 1114 984 950 1012 1170 1416 1766 1388 1114 984 950 1012 1170 1416 1766 1388 1114 984 950 1012 1170 1416 1766 1388 1114 984 
1388 1734 1352 1122 988 950 1008 1146 1388 1734 1352 1122 988 950 1008 1146 1388 1734 1352 1122 988 950 1008 1146 1388 1734 1352 1122 988 950 1008 1146 1388 1734 1352 1122 988 950 1008 1146 1388 1734 1352 1122 988 950 1008 1146 1388 1734 1352 1122 988 950 1008 1146 1388 1734 1352 1122 988 950 1008 1146 1388 1734 1352 1122 988 950 1008 1146 1388 1734 1352 1122 988 950 1008 1146 1388 1734 1352 1122 988 950 1008 1146 1388 1734 1352 1122 988 950 1008 1146 1388 1734 1352 1122 
1114 1352 1694 1364 1130 992 950 980 1114 1352 1694 1364 1130 992 950 980 1114 1352 1694 1364 1130 992 950 980 1114 1352 1694 1364 1130 992 950 980 1114 1352 1694 1364 1130 992 950 980 1114 1352 1694 1364 1130 992 950 980 1114 1352 1694 1364 1130 992 950 980 1114 1352 1694 1364 1130 992 950 980 1114 1352 1694 1364 1130 992 950 980 1114 1352 1694 1364 1130 992 950 980 1114 1352 1694 1364 1130 992 950 980 1114 1352 1694 1364 1130 992 950 980 1114 1352 1694 1364 
984 1122 1364 1710 1384 1154 1020 950 984 1122 1364 1710 1384 1154 1020 950 984 1122 1364 1710 1384 1154 1020 950 984 1122 1364 1710 1384 1154 1020 950 984 1122 1364 1710 1384 1154 1020 950 984 1122 1364 1710 1384 1154 1020 950 984 1122 1364 1710 1384 1154 1020 950 984 1122 1364 1710 1384 1154 1020 950 984 1122 1364 1710 1384 1154 1020 950 984 1122 1364 1710 1384 1154 1020 950 984 1122 1364 1710 1384 1154 1020 950 984 1122 1364 1710 1384 1154 1020 950 984 1122 1364 1710 
950 988 1130 1384 1734 1412 1186 1016 950 988 1130 1384 1734 1412 1186 1016 950 988 1130 1384 1734 1412 1186 1016 950 988 1130 1384 1734 1412 1186 1016 950 988 1130 1384 1734 1412 1186 1016 950 988 1130 1384 1734 1412 1186 1016 950 988 1130 1384 1734 1412 1186 1016 950 988 1130 1384 1734 1412 1186 1016 950 988 1130 1384 1734 1412 1186 1016 950 988 1130 1384 1734 1412 1186 1016 950 988 1130 1384 1734 1412 1186 1016 950 988 1130 1384 1734 1412 1186 1016 950 988 1130 1384 
1012 950 992 1154 1412 1766 1448 1178 1012 950 992 1154 1412 1766 1448 1178 1012 950 992 1154 1412 1766 1448 1178 1012 950 992 1154 1412 1766 1448 1178 1012 950 992 1154 1412 1766 1448 1178 1012 950 992 1154 1412 1766 1448 1178 1012 950 992 1154 1412 1766 1448 1178 1012 950 992 1154 1412 1766 1448 1178 1012 950 992 1154 1412 1766 1448 1178 1012 950 992 1154 1412 1766 1448 1178 1012 950 992 1154 1412 1766 1448 1178 1012 950 992 1154 1412 1766 1448 1178 1012 950 992 1154 
1170 1008 950 1020 1186 1448 1806 1436 1170 1008 950 1020 1186 1448 1806 1436 1170 1008 950 1020 1186 1448 1806 1436 1170 1008 950 1020 1186 1448 1806 1436 1170 1008 950 1020 1186 1448 1806 1436 1170 1008 950 1020 1186 1448 1806 1436 1170 1008 950 1020 1186 1448 1806 1436 1170 1008 950 1020 1186 1448 1806 1436 1170 1008 950 1020 1186 1448 1806 1436 1170 1008 950 1020 1186 1448 1806 1436 1170 1008 950 1020 1186 1448 1806 1436 1170 1008 950 1020 1186 1448 1806 1436 1170 1008 950 1020 
1416 1146 980 950 1016 1178 1436 1790 1416 1146 980 950 1016 1178 1436 1790 1416 1146 980 950 1016 1178 1436 1790 1416 1146 980 950 1016 1178 1436 1790 1416 1146 980 950 1016 1178 1436 1790 1416 1146 980 950 1016 1178 1436 1790 1416 1146 980 950 1016 1178 1436 1790 1416 1146 980 950 1016 1178 1436 1790 1416 1146 980 950 1016 1178 1436 1790 1416 1146 980 950 1016 1178 1436 1790 1416 1146 980 950 1016 1178 1436 1790 1416 1146 980 950 1016 1178 1436 1790 1416 1146 980 950 
1766 1388 1114 984 950 1012 1170 1416 1766 1388 1114 984 950 1012 1170 1416 1766 1388 1114 984 950 1012 1170 1416 1766 1388 1114 984 950 1012 1170 1416 1766 1388 1114 984 950 1012 1170 1416 1766 1388 1114 984 950 1012 1170 1416 1766 1388 1114 984 950 1012 1170 1416 1766 1388 1114 984 950 1012 1170 1416 1766 1388 1114 984 950 1012 1170 1416 1766 1388 1114 984 950 1012 1170 1416 1766 1388 1114 984 950 1012 1170 1416 1766 1388 1114 984 950 1012 1170 1416 1766 1388 1114 984 
1388 1734 1352 1122 988 950 1008 1146 1388 1734 1352 1122 988 950 1008 1146 1388 1734 1352 1122 988 950 1008 1146 1388 1734 1352 1122 988 950 1008 1146 1388 1734 1352 1122 988 950 1008 1146 1388 1734 1352 1122 988 950 1008 1146 1388 1734 1352 1122 988 950 1008 1146 1388 1734 1352 1122 988 950 1008 1146 1388 1734 1352 1122 988 950 1008 1146 1388 1734 1352 1122 988 950 1008 1146 1388 1734 1352 1122 988 950 1008 1146 1388 1734 1352 1122 988 950 1008 1146 1388 1734 1352 1122 
1114 1352 1694 1364 1130 992 950 980 1114 1352 1694 1364 1130 992 950 980 1114 1352 1694 1364 1130 992 950 980 1114 1352 1694 1364 1130 992 950 980 1114 1352 1694 1364 1130 992 950 980 1114 1352 1694 1364 1130 992 950 980 1114 1352 1694 1364 1130 992 950 980 1114 1352 1694 1364 1130 992 950 980 1114 1352 1694 1364 1130 992 950 980 1114 1352 1694 1364 1130 992 950 980 1114 1352 1694 1364 1130 992 950 980 1114 1352 1694 1364 1130 992 950 980 1114 1352 1694 1364 
984 1122 1364 1710 1384 1154 1020 950 984 1122 1364 1710 1384 1154 1020 950 984 1122 1364 1710 1384 1154 1020 950 984 1122 1364 1710 1384 1154 1020 950 984 1122 1364 1710 1384 1154 1020 950 984 1122 1364 1710 1384 1154 1020 950 984 1122 1364 1710 1384 1154 1020 950 984 1122 1364 1710 1384 1154 1020 950 984 1122 1364 1710 1384 1154 1020 950 984 1122 1364 1710 1384 1154 1020 950 984 1122 1364 1710 1384 1154 1020 950 984 1122 1364 1710 1384 1154 1020 950 984 1122 1364 1710 
950 988 1130 1384 1734 1412 1186 1016 950 988 1130 1384 1734 1412 1186 1016 950 988 1130 1384 1734 1412 1186 1016 950 988 1130 1384 1734 1412 1186 1016 950 988 1130 1384 1734 1412 1186 1016 950 988 1130 1384 1734 1412 1186 1016 950 988 1130 1384 1734 1412 1186 1016 950 988 1130 1384 1734 1412 1186 1016 950 988 1130 1384 1734 1412 1186 1016 950 988 1130 1384 1734 1412 1186 1016 950 988 1130 1384 1734 1412 1186 1016 950 988 1130 1384 1734 1412 1186 1016 950 988 1130 1384 
1012 950 992 1154 1412 1766 1448 1178 1012 950 992 1154 1412 1766 1448 1178 1012 950 992 1154 1412 1766 1448 1178 1012 950 992 1154 1412 1766 1448 1178 1012 950 992 1154 1412 1766 1448 1178 1012 950 992 1154 1412 1766 1448 1178 1012 950 992 1154 1412 1766 1448 1178 1012 950 992 1154 1412 1766 1448 1178 1012 950 992 1154 1412 1766 1448 1178 1012 950 992 1154 1412 1766 1448 1178 1012 950 992 1154 1412 1766 1448 1178 1012 950 992 1154 1412 1766 1448 1178 1012 950 992 1154 
1170 1008 950 1020 1186 1448 1806 1436 1170 1008 950 1020 1186 1448 1806 1436 1170 1008 950 1020 1186 1448 1806 1436 1170 1008 950 1020 1186 1448 1806 1436 1170 1008 950 1020 1186 1448 1806 1436 1170 1008 950 1020 1186 1448 1806 1436 1170 1008 950 1020 1186 1448 1806 1436 1170 1008 950 1020 1186 1448 1806 1436 1170 1008 950 1020 1186 1448 1806 1436 1170 1008 950 1020 1186 1448 1806 1436 1170 1008 950 1020 1186 1448 1806 1436 1170 1008 950 1020 1186 1448 1806 1436 1170 1008 950 1020 
1416 1146 980 950 1016 1178 1436 1790 1416 1146 980 950 1016 1178 1436 1790 1416 1146 980 950 1016 1178 1436 1790 1416 1146 980 950 1016 1178 1436 1790 1416 1146 980 950 1016 1178 1436 1790 1416 1146 980 950 1016 1178 1436 1790 1416 1146 980 950 1016 1178 1436 1790 1416 1146 980 950 1016 1178 1436 1790 1416 1146 980 950 1016 1178 1436 1790 1416 1146 980 950 1016 1178 1436 1790 1416 1146 980 950 1016 1178 1436 1790 1416 1146 980 950 1016 1178 1436 1790 1416 1146 980 950 
1766 1388 1114 984 950 1012 1170 1416 1766 1388 1114 984 950 1012 1170 1416 1766 1388 1114 984 950 1012 1170 1416 1766 1388 1114 984 950 1012 1170 1416 1766 1388 1114 984 950 1012 1170 1416 1766 1388 1114 984 950 1012 1170 1416 1766 1388 1114 984 950 1012 1170 1416 1766 1388 1114 984 950 1012 1170 1416 1766 1388 1114 984 950 1012 1170 1416 1766 1388 1114 984 950 1012 1170 1416 1766 1388 1114 984 950 1012 1170 1416 1766 1388 1114 984 950 1012 1170 1416 1766 1388 1114 984 
1388 1734 1352 1122 988 950 1008 1146 1388 1734 1352 1122 988 950 1008 1146 1388 1734 1352 1122 988 950 1008 1146 1388 1734 1352 1122 988 950 1008 1146 1388 1734 1352 1122 988 950 1008 1146 1388 1734 1352 1122 988 950 1008 1146 1388 1734 1352 1122 988 950 1008 1146 1388 1734 1352 1122 988 950 1008 1146 1388 1734 1352 1122 988 950 1008 1146 1388 1734 1352 1122 988 950 1008 1146 1388 1734 1352 1122 988 950 1008 1146 1388 1734 1352 1122 988 950 1008 1146 1388 1734 1352 1122 
